1 1 0
2 0 1
3 1 0
4 1 0
5 1 0
6 1 0
7 0 1
8 0 1
9 1 0
10 1 0
11 0 1
12 0 1
13 0 1
14 0 1
15 0 1
16 1 0
17 1 0
18 1 0
19 1 0
20 0 1
21 1 0
22 1 0
23 1 0
24 1 0 
25 1 0
26 1 0
27 1 0
28 1 0
29 1 0
30 1 0
31 1 0
32 1 0
33 1 0
34 1 0 
35 1 0
36 1 0
37 1 0
38 1 0
39 1 0
40 1 0
41 1 0
42 1 0
43 1 0
44 1 0
45 1 0
46 1 0
47 1 0
48 1 0
49 1 0
50 1 0
51 1 0
52 1 0
53 0 1
54 0 1
55 0 1
56 0 1
57 0 1
58 0 1
59 0 1
60 0 1
61 0 1
62 0 1
63 1 0
64 0 1
65 0 1
66 0 1
67 1 0
68 1 0
69 1 0
70 1 0
71 1 0
72 1 0
73 1 0 
74 1 0
75 0 1
76 1 0
77 1 0
78 1 0
79 0 1
80 0 1
81 1 0
82 1 0 
83 1 0
84 1 0
85 1 0
86 1 0
87 1 0
88 1 0
89 1 0
90 1 0
91 0 1
92 0 1
93 0 1
94 0 1
95 0 1
96 0 1
97 0 1
98 0 1
99 0 1
100 0 1
101 0 1
102 1 0
103 1 0
104 0 1
105 0 1
106 0 1
107 0 1
108 0 1
109 0 1
110 0 1
111 1 0
112 0 1
113 0 1
114 0 1
115 0 1
116 0 1
117 0 1
118 0 1
119 0 1
120 0 1
121 0 1
122 0 1
123 0 1
124 0 1
125 1 0
126 0 1
127 0 1
128 0 1
129 0 1
130 0 1
131 0 1
132 0 1
133 0 1
134 0 1
135 0 1
136 0 1
137 0 1
138 0 1 
139 0 1
140 0 1
141 0 1
142 0 1
143 0 1
144 0 1
145 0 1
146 1 0
147 1 0
148 0 1
149 0 1
150 0 1
151 0 1 
152 1 0
153 0 1
154 0 1
155 0 1
156 0 1
157 0 1
158 0 1
159 0 1
160 0 1
161 0 1
162 0 1
163 0 1
164 0 1
165 0 1
166 0 1
167 0 1
168 0 1
169 0 1
170 0 1
171 0 1 
172 0 1
173 0 1
174 0 1
175 0 1 
176 0 1
177 0 1
178 0 1
179 0 1
180 0 1
181 0 1 
182 0 1
183 0 1
184 0 1
185 0 1
186 0 1 
187 0 1
188 0 1
189 0 1
190 0 1
191 0 1
192 0 1
193 0 1
194 0 1
195 0 1
196 0 1
197 0 1
198 0 1
199 0 1
200 1 0
201 0 1
202 0 1
203 0 1
204 0 1
205 0 1
206 0 1
207 0 1
208 0 1
209 0 1
210 0 1
211 0 1
212 1 0
213 1 0
214 1 0
215 1 0
216 0 1
217 0 1
218 0 1
219 0 1
220 0 1
221 1 0 
222 1 0
223 1 0
224 1 0
225 1 0
226 1 0
227 1 0
228 1 0
229 1 0
230 0 1
231 0 1
232 0 1
233 0 1
234 1 0
235 0 1
236 0 1
237 1 0
238 1 0
239 1 0
240 1 0
241 1 0
242 1 0
243 0 1
244 1 0
245 1 0
246 1 0
247 1 0
248 1 0
249 1 0
250 1 0
251 0 1
252 0 1